37,35
26,20
3,2
10,184
10,34
10,4
10,312
10,210
10,6
10,192
10,2
10,3
11,28
11,24
11,22
11,20
11,2
11,3
9,6
9,4
9,2
9,3
8,7
8,14
8,4
8,17
8,15
34,4
34,3
34,1
33,5
33,4
33,3
33,2
33,1
32,3
32,1
31,4
31,3
31,1
30,5
30,4
30,3
30,1
29,3
29,1
28,7
28,5
28,3
28,1
27,4
27,3
27,1
26,72
26,71
26,70
26,69
26,68
26,67
26,66
26,65
26,64
26,36
26,35
26,34
26,33
26,32
26,31
26,30
26,29
26,28
26,27
26,26
26,25
26,24
26,23
26,22
26,21
26,16
26,15
26,14
26,13
26,12
26,11
26,10
26,9
26,8
26,7
26,6
26,5
26,4
26,3
26,1
24,5
24,3
24,1
23,4
23,3
23,1
20,3
20,2
20,1
